;robot_gear_compression_diff_1;weapon_robot_armour_index_2;robot_gear_compression_diff_3;robot_gear_compression_diff_4;weapon_robot_punch_right_1;robot_gear_compression_diff_6;robot_gear_compression_diff_7;robot_gear_compression_diff_8;robot_gear_compression_diff_9;robot_gear_compression_diff_10;robot_gear_circulation_1;robot_gear_circulation_2;weapon_robot_punch_left_3;weapon_robot_armour_index_5;weapon_robot_armour_index_3;robot_gear_circulation_6;weapon_robot_punch_right_4;robot_gear_circulation_8;weapon_robot_punch_right_2;weapon_robot_gun_power_4;weapon_robot_gun_power_5;robot_gear_circulation_12;robot_gear_circulation_13;robot_gear_circulation_14;robot_gear_circulation_15;weapon_robot_gun_power_3;weapon_robot_punch_left_5;robot_gear_circulation_18;robot_gear_circulation_19;robot_gear_circulation_20;robot_gear_circulation_21;weapon_robot_punch_right_5;robot_gear_coef_1;weapon_robot_gun_power_2;robot_gear_compression_1;robot_gear_compression_2;robot_gear_compression_3;weapon_robot_armour_index_4;weapon_robot_eye_laser_emission_1;robot_gear_compression_6;robot_gear_temperature_diff_1;robot_gear_temperature_diff_2;robot_gear_temperature_diff_3;weapon_robot_eye_laser_sensor_1;robot_gear_temperature_diff_5;robot_gear_temperature_diff_6;robot_gear_temperature_1;robot_gear_temperature_2;robot_gear_temperature_3;robot_gear_temperature_4;weapon_robot_eye_laser_emission_4;weapon_robot_punch_right_3;weapon_robot_gun_power_1;robot_gear_temperature_8;robot_gear_temperature_9;robot_gear_temperature_10;robot_gear_temperature_11;robot_gear_temperature_12;robot_gear_temperature_13;robot_gear_temperature_14;robotic_circuits_speed_1;robotic_circuits_speed_2;robotic_circuits_speed_3;robotic_circuits_speed_4;robotic_circuits_speed_5;robotic_circuits_speed_6;robotic_circuits_speed_12;robot_engine_speed_13;robot_engine_speed_14;robot_engine_speed_15;robot_engine_speed_16;robot_engine_circulation_2;robot_engine_circulation_3;robot_engine_circulation_4;robot_engine_circulation_6;robot_engine_circulation_7;robot_engine_circulation_8;robot_engine_ground_1;robot_engine_compression_1;robot_engine_compression_2;robot_engine_compression_3;weapon_robot_eye_laser_emission_2;robot_engine_temperature_2;robot_engine_temperature_3;robot_engine_temperature_4;robot_engine_temperature_5;robot_engine_temperature_6;weapon_robot_eye_laser_sensor_2;weapon_robot_punch_left_1;robot_engine_temperature_9;robot_engine_temperature_10;robot_engine_temperature_11;robot_engine_temperature_12;robot_engine_temperature_13;robot_engine_temperature_14;robot_engine_temperature_15;robot_engine_temperature_16;robot_engine_temperature_17;weapon_robot_eye_laser_range_2;weapon_robot_eye_laser_sensor_3;robot_engine_temperature_20;robot_engine_temperature_21;weapon_robot_eye_laser_emission_3;robot_engine_temperature_23;robot_engine_temperature_24;robot_engine_temperature_25;robot_engine_temperature_26;robot_engine_temperature_27;robot_engine_temperature_28;robot_probe_compression_diff_1;robot_probe_compression_diff_2;robot_probe_compression_diff_3;robot_probe_compression_diff_4;robot_probe_compression_diff_5;robot_probe_compression_diff_6;robot_probe_compression_diff_7;robot_probe_compression_diff_8;robot_probe_compression_diff_9;robot_probe_compression_diff_10;robot_probe_circulation_1;robot_probe_circulation_2;robot_probe_circulation_3;robot_probe_circulation_4;robot_probe_circulation_5;robot_probe_circulation_6;robot_probe_circulation_7;weapon_robot_armour_index_1;robot_probe_circulation_9;robot_probe_circulation_10;robot_probe_circulation_11;robot_probe_circulation_12;robot_probe_temperature_1;robot_probe_temperature_2;robot_probe_temperature_3;weapon_robot_eye_laser_sensor_4;robot_probe_temperature_5;robot_probe_temperature_6;robot_probe_temperature_7;robot_probe_temperature_8;robot_probe_temperature_9;weapon_robot_eye_laser_range_1;weapon_robot_punch_left_4;weapon_robot_punch_left_2;gamma_ray;target
robot_gear_compression_diff_1;1.0;0.9958213550264056;0.9773342180462451;0.7061352804683677;0.7767399297765314;0.6011744593015067;0.5231764160181801;0.2955789785679976;0.28852140669649534;0.9734395814430248;0.836158374888534;0.7314396776556824;0.7250878367871595;0.9960178905008558;0.996389986853554;0.9960540305603202;0.9472275266875401;0.9471706627806795;0.9479492739307254;0.9811434565807565;0.6819028327488059;0.1535053729742391;0.31799724807168883;0.184042671701542;0.18830838289548288;0.18910366149636468;0.9956393254258081;0.8049091660629354;-0.230293217054142;-0.3463077540547108;-0.027986359539954205;0.35404188015736193;0.03519799045012807;-0.07862369429710525;0.994744013560046;0.9934492447588095;0.9893979487769735;0.9796511090584907;0.9322448222872133;0.5106151437043227;-0.05645832850445052;-0.1398743660087117;-0.06296274255292997;-0.047443084712277074;-0.26973562442415994;0.018185986098526976;0.14429684736601206;0.1801630158667796;0.41159664843593335;0.4214442205443803;0.3454092833206244;0.19166063334488911;0.3432693412571902;0.2926666085614318;0.2873281808562351;0.2231126404637267;0.20292558298328517;0.20633744166863935;-0.5687305582566563;-0.015255900615395014;0.01812421170507068;-0.07767871596588673;0.4122624319860354;0.7238719782750744;-0.007503070411523171;0.7833795641544905;0.010795358605029974;-0.6207205806061166;-0.05619810158235238;0.31691254426548765;0.3782679174326119;-0.19545500119684892;-0.06441510202666681;0.34162120005892116;0.010183825078093888;0.19302874834750874;0.15933494171154094;0.17876138581697898;-0.6000094257732814;0.0422396664055836;0.12644819319437714;0.10432133774990608;-0.37932728185559605;-0.49718514140899683;0.05876855499156644;-0.12377779628091937;0.13706169970988652;-0.0017796158932378253;-0.1695336375472798;-0.31455094577494214;-0.3537065784221092;-0.3943585247425357;-0.39379503143321226;-0.3977867050261087;-0.3943606260925644;-0.40186287420039074;-0.39772306995500456;-0.4015347217175945;-0.41163342087956833;-0.3715238713896518;-0.5755752013604988;-0.40140620192752524;-0.3964838853957392;-0.442130752039467;-0.3507866730895755;-0.3806752501885108;-0.2939170188510268;-0.4483529623850076;-0.2939731516744767;-0.82970900084087;0.485268745610906;0.3526161108333282;-0.014017625076257948;0.12861660252498391;-0.007815117805947321;0.04906182691490179;0.59037515764928;0.13784119721269247;0.10627943152025496;-0.2812755185144368;0.13254053781249323;0.13009200848190072;-0.24956501069751647;-0.15867081508426154;0.16815894435128492;0.14763840517266305;0.14396528005899034;0.18501779591487055;0.15679616879081787;0.18354471164674738;0.18019495739008687;-0.7451509328374526;0.1883270857406779;-0.13050041938704482;0.19377183935824172;0.050760735080796114;0.06400388167941595;0.18732763102237707;0.1953284083534354;0.19432335128190253;0.19333719094708177;-0.8304524288777129;0.06569237507379137;-0.7441353424299207;0.6904060523508051
weapon_robot_armour_index_2;0.9958213550264056;1.0;0.9789485453622538;0.689238301221309;0.7412433067282311;0.556785643499485;0.47736557186406137;0.24179978770047092;0.24437853374170265;0.9778206906527523;0.8493980628133564;0.722380857141672;0.7497676077629335;0.997662082388767;0.9975774997380997;0.9975634695397494;0.9340076684636303;0.9343272372184924;0.9352258316918572;0.9729878053104207;0.7127491496783547;0.1338405956960098;0.3676891743101884;0.23205246283697867;0.23626505228584535;0.23733305289511805;0.9975338557489838;0.8330178667376938;-0.209976085556311;-0.36400529199252657;-0.028927276025779575;0.3761254106981756;-0.022324687220459258;-0.07985224619149513;0.9940628760477831;0.9934359323464451;0.9891754341215018;0.976550976521399;0.9198514883033844;0.4845728250774784;0.011302829269094854;-0.07436356831503375;0.006014388931840774;0.0215962091081669;-0.2407252346191194;0.06265467400440425;0.19998993559311418;0.23223459567743673;0.45611578200734776;0.4653842485464261;0.398164105034992;0.2517449637284646;0.39604996795373965;0.34756581751907545;0.34285303949577306;0.2780139901099885;0.2637989948250309;0.26152580543302145;-0.5691220292558208;-0.00902892694941376;0.025248309367830048;-0.03033359375235616;0.3923495239353252;0.7318825234150972;-0.006137766155854569;0.7927605255722047;0.007209261453213341;-0.6484562580972009;-0.07151163883431606;0.37262017214143445;0.4332378082891182;-0.23671985051290348;-0.07531037174603561;0.36525556633559336;0.012050335829695197;0.2365061587948312;0.1596507838383842;0.1621414763948655;-0.6141190635543312;0.031757471905873844;0.15572932182947927;0.14072835688482077;-0.4085319211263306;-0.523222069004734;0.07837159423498924;-0.11881731860154401;0.1744734625131058;0.03779123929718297;-0.1626129742208232;-0.332177477148285;-0.3802113064554378;-0.43166426933811136;-0.432759666965457;-0.4394418914149101;-0.4363983032961521;-0.4444547492549663;-0.4405544014723464;-0.44390349909914834;-0.45477841437085;-0.3928696345465779;-0.6193071904118254;-0.44156316952402597;-0.4325841823234679;-0.49260637390616335;-0.3909284818344243;-0.4191660911852034;-0.3167108198441629;-0.47908838698152817;-0.3038111870209273;-0.8137731094275662;0.5049214491504262;0.3789202510555222;0.02924946638467315;0.1447789088864114;0.024096030162041725;0.09946529197023056;0.6051803532014054;0.1608412718335464;0.1498467375605121;-0.2659558415206996;0.1573514055801949;0.14960342085798267;-0.20251796214267137;-0.1277378294395935;0.20955738620724748;0.17506034135203982;0.1853187395137976;0.23286210273196814;0.19904798375547694;0.2321279009635577;0.22403306991284488;-0.758587295474064;0.23787190013517054;-0.16745891916054795;0.24564376266136423;0.07716120105464241;0.09937902583762602;0.23813365063344627;0.2480939062124711;0.24716089012699977;0.24617477885248878;-0.8383223682333641;0.09429749159737026;-0.7702172577356556;0.7365365372741757
robot_gear_compression_diff_3;0.9773342180462451;0.9789485453622538;1.0;0.8132474429396058;0.7148061590985589;0.4994870980128008;0.4143194384971485;0.19408118632909338;0.40728973355539666;0.9576776452455084;0.8445654608121745;0.7210374891841553;0.7369286838085849;0.9745505790804385;0.9757053698297841;0.9753865795039546;0.9044474435442164;0.9032124539837788;0.9052695690955029;0.9561444189533496;0.7659461557620085;0.09870508114501733;0.41094704436811363;0.30466919781858753;0.30762939888289204;0.3083304169278379;0.9742322830392162;0.7566277232396106;-0.1906344856849703;-0.3546300895210666;-0.020748350665438814;0.354136802495759;-0.11501848053246018;-0.10216952465833512;0.9886601709048377;0.9894500091460728;0.9915409356925832;0.9901017181421533;0.9577767684153352;0.5347271122209295;0.09842425312304294;0.015611950452457998;0.08987120801576345;0.0986981089640764;-0.20536478764137284;0.09603287418518729;0.2911998053055364;0.3161621984411776;0.5271220550681909;0.5395641394055869;0.47704754697683294;0.33628206051334203;0.47520359805402085;0.43008482516400576;0.42531979089400407;0.3657144533225394;0.3468085746157961;0.3438322503379089;-0.5641379605508645;-0.003986207039148301;0.005413326896122424;0.021825641700490308;0.3071423337682583;0.7154638266652217;-0.00803866305965415;0.7707373743119393;-0.0013883262435072637;-0.5824461495567347;-0.06795197319724638;0.4043385186414059;0.44153878035694366;-0.29619293874545266;-0.08382639836711411;0.34427375011841305;0.006473807866446351;0.30007800930061895;0.1546964693750532;0.11010710567396259;-0.5485281052310954;0.014358971598867145;0.20603993330979847;0.21555773592751684;-0.38821728500307773;-0.4935566051873828;0.12128157253742601;-0.059887741390456224;0.24531239858585843;0.10866945492643788;-0.07478869861466214;-0.2346142972832679;-0.284268039119889;-0.34765934381817;-0.35342224939722544;-0.3645804935574503;-0.3618905796821257;-0.37271565812173785;-0.3699091351520309;-0.3728063402614153;-0.3832329450196299;-0.29548785411414713;-0.5487146833606892;-0.41528938503171825;-0.4118785063986716;-0.4518582276570124;-0.37703464857080166;-0.3998902197747331;-0.24429747864283416;-0.3784632019660223;-0.244489348914917;-0.8251620845930958;0.554156042754427;0.40205522190000326;0.04021559486370882;0.15592926655606554;0.0787497786270221;0.05456093326065206;0.5685646138279046;0.19541367960757633;0.1389202257245787;-0.20856842057646463;0.206732361468893;0.20515420014800972;-0.16261189404802728;-0.04179154634305074;0.26651152213229695;0.22422762049970973;0.24502373391547955;0.3020750460033498;0.25681861987428967;0.30114115481973;0.2666771456799293;-0.7220450740519837;0.3080976936478343;-0.15043266027052488;0.31819212243620026;0.1271825777167519;0.17990042680501397;0.3059601862306316;0.31912578112981355;0.31818783476637175;0.3169687505209387;-0.7881546266307794;0.08651154117178586;-0.6637928878303625;0.7766035565897532
robot_gear_compression_diff_4;0.7061352804683677;0.689238301221309;0.8132474429396058;1.0;0.5129256518586669;0.29378921156002136;0.2034316647274589;0.0933089122053958;0.8086332274660127;0.6532926494693742;0.6199592048740764;0.5745296503420698;0.49824074971562904;0.679423692152995;0.6838801175785654;0.6821019654078527;0.6229009976221835;0.6155605164693737;0.6206076661978679;0.6929333272805491;0.6607258577848375;0.0177882630538965;0.3962181081169242;0.37983465441292613;0.37902950542642855;0.37777807673929337;0.6783199230396187;0.3253214047721212;-0.26228905505297834;-0.30237867311162464;0.02867125460964267;0.26306224376944826;-0.2842585386696875;-0.13169135028221488;0.7457257940663675;0.7489146723529031;0.7694666603225877;0.8049474635335132;0.8689378541973244;0.6330475044733637;0.22900978372584943;0.17716823861024167;0.19536921289973766;0.18559770097399672;-0.12558880566860456;0.08188364924916448;0.4087013778708158;0.4132016636426122;0.548424181582193;0.5683782828736147;0.5200263400269466;0.4172657809532906;0.5203954807504203;0.48928248657581475;0.48581162130891775;0.4548255902156935;0.41515623592587386;0.42931487981981276;-0.41599004481002305;0.005163903825696132;-0.05444494851161334;0.08329854348035949;0.011396890167988605;0.528861486704979;-0.004147422586684916;0.5400837212841683;-0.02035456116950974;-0.1422758736936119;0.012987522413373554;0.30267197026356135;0.24245056503410828;-0.35144170769154925;-0.08313800832508851;0.13159236918482733;-0.015149247327082862;0.36207900066779636;0.11400756439894444;-0.019159926886185712;-0.14751085602719607;0.020317521783021056;0.2706579850878568;0.33741407027430464;-0.1895265821621777;-0.2887448767297011;0.1698833024193492;0.05238841517507995;0.3423761382339527;0.2215889326746111;0.23126331131186273;0.20348306736762922;0.18192440169016266;0.11666913580221791;0.10136195414196551;0.08316035005540044;0.08544636649340458;0.07069407257359739;0.0701177594795978;0.06780872858734964;0.06149920262142232;0.15250376208960525;-0.11035404699432097;-0.16639595197629872;-0.1991786948432913;-0.10757816523671325;-0.18056572655339487;-0.18762902377767543;0.10854098701504293;0.12242245947452143;-0.021965120826477995;-0.6904026674838764;0.533283970486292;0.3384663222557709;-0.0014393943341715987;0.17514453534714738;0.1728000326079603;-0.2013089265300345;0.3030977774847349;0.21405131920678228;0.01159541092988912;-0.0010752869975170873;0.25845370546843566;0.3123168896053516;-0.07629287525506538;0.1521083558686064;0.31686935539751104;0.26893532295702566;0.30882825865139096;0.36766497416200566;0.308713157360056;0.3667993014831841;0.2704486099473196;-0.4212040845453507;0.373252097191993;-0.023880516727688466;0.3875294850491644;0.21191389989364878;0.34926929143276314;0.36420579143548215;0.3838520913468468;0.3830616850439127;0.3821379711335579;-0.4032627136445008;-0.034718084797190504;-0.1455697594999079;0.6425468748678594
weapon_robot_punch_right_1;0.7767399297765314;0.7412433067282311;0.7148061590985589;0.5129256518586669;1.0;0.8801774378494216;0.8467415363752316;0.7203568173791645;0.3679259146933665;0.7482870467713434;0.5782079977315229;0.5482586180458819;0.45523536605887305;0.7592113018073365;0.7606685011039173;0.7591826770346577;0.8705575391994915;0.8707657170278985;0.8680037917662948;0.8365910681380967;0.28128316036311785;0.11237770534979111;-0.29285922567802897;-0.3318062233977509;-0.324083770479252;-0.3231410374066959;0.7574222599168526;0.559110521890996;-0.2201895185977767;0.09546241587617399;-0.08402812415650282;-0.11778793849150872;0.44094111229231725;-0.029394337763859354;0.7564778530167934;0.7506526112853004;0.7465434406475866;0.7487894941690463;0.749425099815725;0.5590394382925928;-0.4606760011733052;-0.5233201280964923;-0.46470641076701014;-0.45448260848792255;-0.4407853980133389;-0.3116145329297679;-0.3284301058476482;-0.3291755868597006;-0.0991740632154964;-0.09030267622204347;-0.16106510850329595;-0.2969892709267346;-0.16361329939987748;-0.20483711160721507;-0.2114719407251345;-0.25897806241561544;-0.28569478791333136;-0.2964999593268525;-0.5640510138524574;-0.05426841918858656;0.002762079586771517;-0.3253906158672586;0.610152357811296;0.5521595840460365;-0.004116500370333643;0.63549374376588;0.04447280147748742;-0.4520962673076714;-0.06327697085894078;-0.14117501506340027;-0.04805165041363728;0.2189200555464631;0.05888582052637831;0.08049291207883971;-0.0034773570134576564;-0.2347611894673394;0.13290316833667676;0.31230773615557733;-0.4843724168484261;0.10257913637720385;-0.1591852293143365;-0.2521862237935588;-0.05840416728905346;-0.07297581100830632;-0.17095296084036896;-0.01829287976508595;-0.20282407930664384;-0.1774639305647221;-0.2078355758882729;-0.2789987556195033;-0.2845424522171961;-0.26331449429229836;-0.2540029876196475;-0.23853053882704459;-0.23285689638600124;-0.23254735137465454;-0.2293923076265133;-0.23681577558489952;-0.23664942042639503;-0.37617284690406727;-0.3123370055889316;-0.13237366709508386;-0.13011095637694675;-0.16689832770214555;-0.06523588039919814;-0.08965830037975323;-0.2087927642843903;-0.32129937969729283;-0.19275158752421634;-0.7503611511910652;0.16663090757674126;0.08344957294451331;-0.2731856081140186;0.07682702031543233;-0.23066630734375188;-0.2538731718221356;0.4169194109048494;-0.07585940691233108;-0.16302393545261742;-0.42713568106995375;-0.20567260005451382;-0.08108167138525842;-0.5603931023236843;-0.4099492186331367;-0.2500318728881988;-0.21081773941463408;-0.2729740007355413;-0.328398524214435;-0.25868649716339304;-0.3282389441380504;-0.18284777572068828;-0.49612115667713286;-0.29177088567042286;0.1580299755676936;-0.3077142711958162;-0.22694340070171637;-0.29679886339095995;-0.2904546822293592;-0.29908570971278403;-0.3012803584633822;-0.2992922098976176;-0.6597035664191754;0.030242822405481765;-0.5507965432228236;0.2503198506087076
robot_gear_compression_diff_6;0.6011744593015067;0.556785643499485;0.4994870980128008;0.29378921156002136;0.8801774378494216;1.0;0.9918962723083765;0.9353442523904294;0.2668562184399352;0.5812316277320131;0.3782943201009945;0.4175536035238308;0.2667830869856849;0.5762986046797768;0.5775722349566186;0.5758231533912284;0.7736515696195623;0.7722306957409715;0.7709204993048375;0.6967584626334274;0.02395947500101312;0.06632088792386581;-0.5005845075915294;-0.6551155257060074;-0.6516775662323786;-0.6513210896241451;0.5751039573439953;0.3883044574701038;-0.1967265079555103;0.0043768349553874545;-0.025643024902092616;-0.011762487967732377;0.6745805560385649;0.00701581798888522;0.5620321998941166;0.5540146595958496;0.544046562831643;0.5403164113932782;0.539024986158789;0.4376753407078217;-0.6640355604066793;-0.702748009579772;-0.6626243020206429;-0.6411611296412294;-0.6628699228359807;-0.5922356715708351;-0.6087551873324606;-0.5996309076491358;-0.39303587962471515;-0.38356420298791516;-0.4544519091973144;-0.5611205265226837;-0.4541319269408452;-0.48949454789880176;-0.4966109541811427;-0.5478759039643223;-0.551953555644266;-0.5742396147286841;-0.46634346527426607;-0.06894490538514104;0.0014123170260305967;-0.4806237593418896;0.7127981090326563;0.41930815960501727;-0.0003459861009402752;0.49637003450016404;0.06432424965065363;-0.36079636858296016;-0.029574685459267648;-0.3661209867769827;-0.273063955894072;0.42722693353798574;0.14693319072223637;-0.059610499176616094;0.00014502062650199892;-0.45532422919089527;0.1078254819425774;0.3665927712189011;-0.38404298411890153;0.11235188030128125;-0.3203100595535848;-0.4481439077630948;0.07147484478498971;-0.02261118135257805;-0.2704238212201962;-0.25087334386985627;-0.38343335959520686;-0.2539274466523261;-0.23849256728893806;-0.27691267864096003;-0.2697541542939164;-0.23063369633172182;-0.21771229224826344;-0.19312431871090832;-0.18519375320945816;-0.1774168130411026;-0.17557346232132812;-0.18343678394866667;-0.17735517495359512;-0.3930557230315761;-0.18445628555362512;-0.0014726366507039857;-0.008457826098287775;-0.0195840638451257;0.06833647169770324;0.04223407270016123;-0.1875243561764224;-0.283200975297294;-0.1652832942423064;-0.6238717699116054;-0.013051893846433215;-0.08446572143622799;-0.3370473796496807;-0.07306709790829297;-0.34667300463804396;-0.34272676739158053;0.23831119770803713;-0.20869323114122695;-0.29976892817878525;-0.46187423377644465;-0.36385518799298594;-0.23513298927456158;-0.7358800791125573;-0.5797308695416663;-0.523266434662043;-0.38559123001512075;-0.5422594641474277;-0.639131634694824;-0.5318087076989757;-0.6433329940977217;-0.4392348665453922;-0.32691849887528024;-0.5759749689895413;0.2594929829506975;-0.5932674280114263;-0.38430915428683754;-0.4996334613530381;-0.5746652669624595;-0.578028691727014;-0.5770902287331922;-0.5755661929390856;-0.539973164291924;0.0561830378331403;-0.4378557358426989;-0.021357548258964573
robot_gear_compression_diff_7;0.5231764160181801;0.47736557186406137;0.4143194384971485;0.2034316647274589;0.8467415363752316;0.9918962723083765;1.0;0.9609251692761711;0.22019274677491527;0.5111209217373751;0.30426528217848614;0.350472788906272;0.19714529814433937;0.49910297838815654;0.5002638989275199;0.49857231374936317;0.7149514387393299;0.7139516734264799;0.7124457820532765;0.6273512289302832;-0.0467017002156541;0.06650066219624574;-0.5784697748178168;-0.7271784788307759;-0.7250032872837237;-0.7242043351872958;0.49784382589788273;0.3305754303149528;-0.14660679781952668;0.06277311469024287;-0.03583671763236402;-0.07102448008946362;0.7313704012609714;0.01364222837593452;0.48038494131226006;0.4718800667568699;0.46032761563301344;0.4549706751041746;0.4515690976717514;0.37899384711373435;-0.7110381894880394;-0.7425416375627014;-0.7042694410879304;-0.6827091033764275;-0.6584350376457364;-0.6166936733460653;-0.6756673254355507;-0.6654817465747438;-0.4700913916849379;-0.4624127808853367;-0.5306896912601967;-0.6276370087794486;-0.5305995966989495;-0.5622852661382557;-0.570057268963969;-0.6181398904541151;-0.6182258144026337;-0.6437198549514042;-0.41920483733129815;-0.07273711756484945;0.0034147519519178893;-0.5086904752987514;0.7255383770401123;0.3497232028873167;-0.004146181759292303;0.42931589278992616;0.06700324224725321;-0.3510794865753403;-0.03225435713665279;-0.4206316591797106;-0.3159639272464299;0.4866961812738766;0.16124197626914752;-0.07105930011856901;0.00023424276084378127;-0.5166409976835;0.09458468284242338;0.37560204846332684;-0.37144083228329916;0.10711813562220014;-0.36409735787263486;-0.5018277211107588;0.1025225711514136;0.02527782092697088;-0.3018255098934434;-0.24950404662845801;-0.43603345692839224;-0.28912727293727164;-0.27428398083190453;-0.30475686157121923;-0.2911839687829226;-0.24065122162213262;-0.22510060894068676;-0.1971935090367601;-0.18959580898432923;-0.18059120876741078;-0.1786131536223811;-0.18620334069002414;-0.1788988295200926;-0.410353875358562;-0.1545098490373609;0.03694804646272546;0.033634404184605844;0.014021084204761515;0.11176823383511852;0.08710347856969985;-0.19870156901026728;-0.2944398279770663;-0.15465615645386227;-0.5588623915545455;-0.07706395344445738;-0.1313872149180014;-0.3512202280974624;-0.11131771041827807;-0.3774330549750564;-0.340494345908505;0.1908028817382891;-0.2393974516890758;-0.32987760425933205;-0.4672831135875902;-0.39485079997990513;-0.2800672595965645;-0.7630003126691116;-0.6008535742731507;-0.5917646098842864;-0.42123161068665993;-0.6098027988089196;-0.7102639361797047;-0.5992456983807825;-0.7166871040633241;-0.5034605720788893;-0.2649533350629547;-0.6466493961632683;0.2800460375086935;-0.6647772441410302;-0.42361882155565794;-0.5646424534857186;-0.6453123937271278;-0.64772347502707;-0.6472858707203288;-0.6457342519320806;-0.5017110471430691;0.05303441594776499;-0.40785070266965145;-0.10828333086645733
robot_gear_compression_diff_8;0.2955789785679976;0.24179978770047092;0.19408118632909338;0.0933089122053958;0.7203568173791645;0.9353442523904294;0.9609251692761711;1.0;0.25148397888906604;0.2793983648097869;0.09333669641749726;0.1925775150436452;-0.005501093869965177;0.26442873302678915;0.26620378454313615;0.2641902838748778;0.5264592915223177;0.5242711015216408;0.5226888377020222;0.4220158400905898;-0.2372942742006971;0.017557721494199537;-0.722356961777188;-0.8482592159425292;-0.8499290940815202;-0.8494278134305162;0.2629710901702295;0.10167662055738275;-0.1293504852967273;0.13722737660999265;-0.01024198642966131;-0.1565565416392219;0.7839718271149162;0.029261351074966885;0.25490244627759373;0.24651730533216318;0.23844366764215771;0.24245295775997802;0.2713515577950409;0.34503241114206107;-0.7525273250601403;-0.7621169037111459;-0.7505753284627249;-0.7344999461638766;-0.6833488320626474;-0.7173278405519057;-0.7719236476292971;-0.7709120896677156;-0.6204586892950762;-0.613128373641004;-0.6677902134944983;-0.7302259735590249;-0.6663436154752757;-0.6864023940753294;-0.6942586054269078;-0.7305153156086649;-0.7255573185618748;-0.7550556075885724;-0.31855344836229965;-0.08193992851723897;-0.011839216849171824;-0.5489027867788877;0.6669277855963042;0.19019837283089597;-0.0009208279343585143;0.26286544703218234;0.07106233016670273;-0.15133908893122544;-0.011628673279584532;-0.5766624771607023;-0.4987312908565849;0.5862304185830087;0.2037417177218377;-0.21735102846736265;-0.004916344332175357;-0.6182746961233693;0.056397644494398415;0.35890807217196985;-0.18883987561784377;0.11120393969194128;-0.43328645912581293;-0.5702003531662084;0.26132859075061243;0.18673134522223184;-0.3464921350697165;-0.25299631797894406;-0.5059263319304399;-0.296723488889017;-0.19419437134552434;-0.16845984826706506;-0.1413523769404316;-0.07857378185956623;-0.06387392568284457;-0.03326950978469693;-0.025073216158880147;-0.012992512834019516;-0.0126326736917193;-0.020491955080738766;-0.008486618546104501;-0.28199279542881645;0.06176739358543923;0.1993660719381754;0.18387079783261456;0.19995360354708297;0.2600185539318959;0.2403161779234591;-0.0759931437318153;-0.1161557711056294;-0.058946885087189385;-0.3985542878445355;-0.22336418448696935;-0.2529657417776772;-0.39973066500664084;-0.13433087917852174;-0.40999939340056596;-0.4541454552458289;0.01721118707426155;-0.30486140966021436;-0.4261375330303261;-0.42991687462502154;-0.4461637742216003;-0.33208539841514617;-0.7931456696611623;-0.5913240660774959;-0.7043046267893924;-0.4863105937931556;-0.7160657097238146;-0.8297561823165659;-0.7095504872727401;-0.8403213723824344;-0.6148088541598425;-0.045846513284491755;-0.7686525836086213;0.3812807873452181;-0.7873067870262301;-0.47798928181337386;-0.6236334830316543;-0.7685051638062985;-0.7686944741040856;-0.7684783810180897;-0.7666453359466437;-0.2839986314584243;0.02387282538613154;-0.17800432394973684;-0.31153357251030367
robot_gear_compression_diff_9;0.28852140669649534;0.24437853374170265;0.40728973355539666;0.8086332274660127;0.3679259146933665;0.2668562184399352;0.22019274677491527;0.25148397888906604;1.0;0.262373664831886;0.21776109692812073;0.2602252805199806;0.10466392697530574;0.24569930920532473;0.2524437787139929;0.24966815409653342;0.3007165271111522;0.2914575507446608;0.2963143552091859;0.3278584080038516;0.2388583007521496;-0.07736229540887056;-0.010811068900720375;0.04371260030600932;0.04259027639712064;0.03970121167068402;0.24393403456829263;-0.15280223948060953;-0.10468683747140135;-0.006602422350892286;0.03291183771768668;-0.05891091115737429;-0.06538282932192825;-0.09448878368363692;0.3248649983272616;0.3260700730329651;0.3506875747003155;0.4046352448203575;0.5290227029002813;0.5290057890150756;-0.0060441747134048485;-0.016184678140180982;-0.04088241002477978;-0.05724812125150858;-0.21832225533702487;-0.18704624467972883;0.09170582607589403;0.07643310194751346;0.14111982920771532;0.16126614240903006;0.12726238624696837;0.07366360556483671;0.12820760069688072;0.11440750604387541;0.11158519304848628;0.10689066177012338;0.06521213845395915;0.07396452033945407;-0.19403889572212885;-0.060575653818926635;-0.10583252119823265;-0.0404776928073115;-0.039850247784802145;0.19412600111554731;-0.009217424442879043;0.17524602320309948;-0.0005709908023523104;0.18574806216204517;0.04201007635467425;-0.06714450945650395;-0.14380236180794678;-0.06183771444096282;0.01889789770879329;-0.16170363036017515;-0.02659590628977536;0.06576974553036045;0.03953663845633432;-0.010217074577156279;0.14680562987386472;-0.003472998293706025;0.07474967459525102;0.11715998644289229;0.12374787356544009;0.09701053293664057;0.07456942037130627;0.1265284675992162;0.11857559570559875;0.1384441483034698;0.2870078162769314;0.36946326811485597;0.37987686102058227;0.35687390234578115;0.34359772535190486;0.33804905076011216;0.34143889412270334;0.33409268793864816;0.33058868159966465;0.32803439975890575;0.3322588214571997;0.3209120702116224;0.27503332510983636;0.1461591413696858;0.10756451807136617;0.22220413758356924;0.11443742530915282;0.121167612574953;0.2902271980468899;0.388783351644503;0.17085010492563604;-0.4530385372917623;0.2461083844279798;0.06849392365528166;-0.18702823134631458;0.009291248403427224;0.05246646201806435;-0.4366654562322215;0.006606132233060768;0.0616488648106115;-0.22350593414423056;0.035136582034552215;0.02620331797830549;0.15095728980822268;-0.19142534511187964;0.05707008862203512;0.03715892881494328;0.016312940495573407;0.03970872200138781;0.03642047427078787;0.03382083749060203;0.0391203140705007;-0.0007441544315324815;-0.04689467210969909;0.04914375755436451;0.23339708936771542;0.04420196599466132;0.05404715513207858;0.1446352796040819;0.041232144989073495;0.04083251420171548;0.041563259100975886;0.04176909994973407;-0.03717054418491282;-0.0839060884119119;0.2869286400784531;0.16963651150382977
robot_gear_compression_diff_10;0.9734395814430248;0.9778206906527523;0.9576776452455084;0.6532926494693742;0.7482870467713434;0.5812316277320131;0.5111209217373751;0.2793983648097869;0.262373664831886;1.0;0.8282802375748032;0.6855544016023685;0.7342115337836205;0.980115140599399;0.9800568285144334;0.9802384074967886;0.9276774304125599;0.9286962454684242;0.9295690390986682;0.9599856873372173;0.6745111661951939;0.08516886537416414;0.30954186650162;0.1681030096146769;0.1739716750586973;0.1755017932227828;0.9800088983753659;0.8155396915456685;-0.09336433709391101;-0.31813043966576987;-0.05247582470123555;0.3309301405246258;0.020291449335682422;-0.07265744069389848;0.9701964733515668;0.9693576902522949;0.9633089244184833;0.948470379654791;0.8842960697210697;0.4374235661168848;-0.028994591547457815;-0.11287969607298;-0.02372402906144686;-0.006851633608798322;-0.27756608291047385;0.017756580638846033;0.1388093359575774;0.1661111207661355;0.38842422897137036;0.39689097277673796;0.33464742556207516;0.19337795636366922;0.3320305171719707;0.28615846807409684;0.2818289358248288;0.21668304803693952;0.2092336980891767;0.19600258466000542;-0.5590253802547541;-0.035717782069212195;0.01856440219376924;-0.026719944875832388;0.4284694809583024;0.7196161284003897;-0.012032282667338703;0.773967974023173;0.012204451860773778;-0.7117326595154764;-0.11403158857984302;0.36180402928774125;0.44361357187420003;-0.19159113280502454;-0.05945145943792621;0.36011916157616164;0.005176652889375181;0.19017310438672969;0.1585687183476531;0.163664308864929;-0.6445364072971261;-0.009224755642472514;0.1321181443005778;0.09758375982970033;-0.41135457791506036;-0.5003442478391076;0.06423710017450651;-0.12254285962870498;0.1357357003237105;0.04235976659513615;-0.19346562960854663;-0.39845403267542184;-0.45871037625729505;-0.5169020144013432;-0.5198233640208767;-0.5258496659477719;-0.5227466460813982;-0.5303315361842856;-0.5270738987971145;-0.5302649738959572;-0.5395921841297909;-0.4676438408494123;-0.653205221532346;-0.449337239495759;-0.43318061410179837;-0.5310345270912669;-0.3903456559887395;-0.4200677785426265;-0.3758217331356096;-0.5563152226227397;-0.2955496468559153;-0.8102900170630959;0.4775883088191485;0.35386641063096796;0.0182926881682638;0.09125195054885132;0.006280103314353628;0.12838026353230048;0.6236702909863903;0.14755329484198187;0.14332796117351035;-0.2867663319654779;0.09735385893709816;0.10905414110028913;-0.22307791984264258;-0.17790518015030446;0.16634210316205708;0.11288579708583656;0.14111444442167737;0.17113722088795036;0.15770151004835706;0.17322691252152755;0.19495544866705297;-0.7619554104263818;0.18387818381391655;-0.1571951152020394;0.18541228776981306;0.04029687254162628;0.03776852564960229;0.18692089737415388;0.18955213712001068;0.1888981282097794;0.18823633870431866;-0.857606950530532;0.15745728951733373;-0.784570688705081;0.6982465964728402
robot_gear_circulation_1;0.836158374888534;0.8493980628133564;0.8445654608121745;0.6199592048740764;0.5782079977315229;0.3782943201009945;0.30426528217848614;0.09333669641749726;0.21776109692812073;0.8282802375748032;1.0;0.4260138966392739;0.8222013176936371;0.8446852032822569;0.8442481454256219;0.844851112675996;0.7535842280710406;0.7527041848515712;0.7543419776702279;0.807670206584683;0.6054004533716526;0.07290148818370225;0.41673491124201034;0.315880955527473;0.3226698652505527;0.32320702196581913;0.8449130089869001;0.7029770606653286;-0.1986230758442737;-0.3238409434391417;-0.030799809066898668;0.3285039796776377;-0.17516952032702646;-0.05710915935837151;0.8455319904075186;0.8464111845092139;0.8457923569168863;0.8377102465490861;0.7902952083370002;0.44522404878271377;0.141623277657702;0.05991426384352003;0.13222257930023185;0.14049212926657814;-0.15383035315695584;0.11122617042146742;0.2884557206798271;0.2984564195925952;0.46386414181036056;0.47605047468769623;0.4408392489624422;0.32867910706509323;0.4378594796693608;0.39987687855099;0.398121886592343;0.3461611470013917;0.33896593347054355;0.33092384030618915;-0.4531147337803149;0.004427460572618784;0.02335207441326945;0.03200573097978702;0.23568442177672452;0.6495653040615952;-0.018056933957156532;0.6646238121799071;0.01109199389200051;-0.5537133468728764;-0.06413061445556975;0.40813223088195905;0.4589365468601604;-0.2993170222425303;-0.11214589874815781;0.34179969426400747;0.010418926084192622;0.3044065223926006;0.16113882040536637;0.08953454434651066;-0.5132327256969891;0.010615275344779724;0.21545040378867414;0.20766240750638779;-0.3988275299774703;-0.46006663239885465;0.10829216407293808;-0.05872909215431505;0.22991978814085925;0.10714293786552465;-0.08009739851403726;-0.2226639488727231;-0.272577790068787;-0.3304580301894072;-0.33760007158999;-0.3503551998146298;-0.34974593510624463;-0.36378306371310304;-0.3601817365686659;-0.36233792591401603;-0.3733208186726118;-0.28524002941467363;-0.5427138098124558;-0.41789513659411;-0.41617024399982944;-0.4529639638517984;-0.3819897303249116;-0.40809034873132854;-0.23801939079914855;-0.3663195507652498;-0.26706599575672596;-0.6851774040015626;0.496865439760987;0.3695563587599897;0.10374412373569504;0.20017350202437803;0.13261220954592545;0.13742756411733337;0.544773474732686;0.21008577512090576;0.2415261411769284;-0.1689486489061277;0.13565831171640638;0.21617596127463742;-0.030992431430533325;-0.05306525847617902;0.32305696210180607;0.1602742541909746;0.3053568589472618;0.3126835812386648;0.3140542666837762;0.32348947795743543;0.33812841895994655;-0.6838473906213908;0.3382355551986502;-0.18157492319905655;0.33992053541017586;0.11161562131071212;0.17773714243024738;0.3427102012839165;0.34146401490435363;0.341305216039861;0.34291193194428876;-0.6911738484889594;0.07664751048650265;-0.6587572978977606;0.7061878527247126
robot_gear_circulation_2;0.7314396776556824;0.722380857141672;0.7210374891841553;0.5745296503420698;0.5482586180458819;0.4175536035238308;0.350472788906272;0.1925775150436452;0.2602252805199806;0.6855544016023685;0.4260138966392739;1.0;0.26322232096960574;0.7281942959513078;0.7288163555484575;0.7277182296493782;0.666070662118358;0.6678744952023518;0.6671124737557159;0.7030522458949288;0.5903832316161509;0.22906371440105402;0.2753213298104323;0.1673468086708149;0.17450602445787894;0.17522318369258902;0.7274220035211905;0.5388509580341777;-0.2472953183779165;-0.3281210053210644;-0.012381824781517281;0.3316941060725955;-0.027216383024744994;-0.033641018849896454;0.7311728819240879;0.7296125713939638;0.7298723828705561;0.7285043646260141;0.7104637051984161;0.4182045401067607;-0.02162872138853423;-0.08172737688056057;-0.03873298683876255;-0.0319059953095806;-0.1815881909365841;0.015497626304925382;0.1311480644307104;0.1484670915091363;0.3089841611400443;0.31718643017007175;0.26651817755618284;0.15244011551428005;0.26343708298883534;0.22750389316737754;0.22437717780008593;0.18429268679655914;0.15810588528659378;0.17694106258188455;-0.43528607153519683;-0.01065667962928997;-0.004564424610492222;-0.045196281367558856;0.2725750284303138;0.5404224624235476;0.014396358580523074;0.6038471164407612;-0.03762331392059218;-0.32444352195714904;-0.01340411653988581;0.25005179872333066;0.2517429877560195;-0.20128550082896632;-0.07403713399394392;0.25597398675525523;0.009044208842977373;0.19846206915971712;0.10883192536868959;0.030565183319824357;-0.4004159786063432;0.0841726511134486;0.13801431020570665;0.15844798726092635;-0.32415387980370614;-0.42900521919055035;0.13599576050657708;-0.05516613503669519;0.17668962253078516;-0.013539794189789336;-0.1389627457142256;-0.1773962644178614;-0.18040881079821713;-0.1875250415760426;-0.18018595659253905;-0.1788460438251851;-0.17529885172946472;-0.17817564743783326;-0.17320980613439316;-0.17473704441238871;-0.18547262165014436;-0.1629801521000342;-0.40684435815288994;-0.3367327413968579;-0.325376531855597;-0.3131181519704208;-0.31846170240284033;-0.3224900922982704;-0.14904982801077343;-0.22641875595960023;-0.1483315024989206;-0.6410966907462577;0.37239022819640627;0.30801912805141163;-0.04998711912864498;0.19982209749659874;0.022483271065791635;0.0016847457784520921;0.4526826780391589;0.106289128946045;0.054723033011545956;-0.15955780367613673;0.048081536834955675;0.15640932227119397;-0.212522289491914;-0.11804263934663389;0.18228277047424193;0.06266917147572751;0.16510767704230012;0.1678216093089468;0.17348837442448142;0.17641120932488116;0.10074709032057517;-0.6173428416175983;0.1920438698187232;-0.08946321359156298;0.19919476617372378;0.10829930909061154;0.15261319888706798;0.19795960571124877;0.20546619704787658;0.20590376789164458;0.20487559098151956;-0.6207195192132791;-0.05973501768291187;-0.45682089942749676;0.5070442260088038
